<?xml version="1.0"?>
<opencv_storage>
<!--  -->
<JHPJHP type_id="opencv-sequence">
  <flags>"untyped"</flags>
  <count>938</count>
  <dt>"6i"</dt>
  <data>
    1116334678 1117694110 -1 20 1120997616 1181939468 1125080583
    1128649694 1 25 1120442412 1181215542 1130337120 1112840388 -1 21
    1128429593 1181002983 1125170380 1128565051 1 32 1120767434
    1179742278 1124504520 1124152797 -1 15 1108178404 1179564199
    1124405471 1125513799 -1 15 1121006069 1178371627 1124993712
    1125817843 1 15 1118012783 1177576994 1114149566 1124195140 1 21
    1125778884 1177209525 1123952329 1125656252 1 22 1119525677
    1177207844 1124035146 1125794649 1 16 1120279657 1176754548
    1112760900 1123082970 -1 14 1128897558 1176557780 1112907917
    1121180614 -1 17 1121448621 1176030476 1127785058 1113233485 -1 21
    1119440653 1175861915 1115723611 1124347047 -1 14 1118178232
    1175793063 1124991342 1125679707 1 21 1118905452 1175782405
    1125071230 1116370108 1 21 1133002832 1175597535 1114997654
    1119916166 1 22 1131830206 1175391446 1133111047 1104912654 1 28
    1066065821 1175253935 1131343100 1128715024 1 22 1119056244
    1175167335 1126318633 1117419846 -1 20 1130336790 1175161722
    1133011374 1124542195 1 45 1090913705 1174942046 1133080090
    1105248541 1 32 1135729888 1174667645 1133085516 1106144385 1 33
    1074466117 1174652538 1127473953 1113904097 -1 37 1119892920
    1174547697 1126085455 1117395501 -1 27 1129350324 1174527856
    1126060497 1117330783 -1 30 1135839674 1174507178 1116900004
    1114245655 1 26 1129691566 1174471595 1125191451 1126241458 -1 22
    1127464322 1174439617 1133134114 1103109480 1 21 1135651568
    1174359500 1115109194 1125645376 -1 15 1118870066 1174150115
    1125201173 1114737072 -1 15 1122392868 1174138631 1126285874
    1121897718 -1 27 1098694478 1174064169 1113326838 1118705775 -1 16
    1132844275 1173950280 1132938129 1124536592 1 42 1135742791
    1173882115 1129939351 1104302033 1 39 1133007043 1173859282
    1125038009 1116099563 1 16 1133146788 1173680569 1132958949
    1124579142 1 48 1135817263 1173583869 1126349336 1121819312 -1 29
    1135835607 1173567506 1124550134 1124868645 -1 16 1128783967
    1173289422 1131377428 1127815514 -1 28 1132481328 1173211504
    1129021568 1124511576 -1 28 1100714334 1172878566 1131383336
    1127786939 -1 31 1113835826 1172551856 1128881921 1124233390 -1 21
    1103627726 1172401655 1129054206 1124518647 -1 30 1104649304
    1172380747 1133144700 1124608777 1 22 1135810713 1172358506
    1116890664 1125003991 -1 21 1130261326 1172106581 1114209330
    1120492116 1 16 1120240132 1172075983 1116122517 1126452817 -1 17
    1130733830 1171955394 1117143125 1126817432 1 21 1116329771
    1171892506 1134027428 1112149855 1 16 1128497874 1171878007
    1130631775 1121483767 -1 21 1117729854 1171858214 1125256725
    1126334054 -1 30 1127574666 1171837574 1126140798 1127104036 1 28
    1127242858 1171779541 1116988286 1125085537 -1 17 1130634767
    1171584514 1126105556 1127092382 1 30 1127268365 1171568113
    1105162794 1120524105 1 15 1135832225 1171531543 1131369729
    1128715649 1 24 1118928249 1171293170 1133984157 1116420900 1 15
    1126656421 1171274426 1131103005 1113017283 1 27 1128115657
    1170990026 1127403734 1125079567 1 19 1131586880 1170852017
    1131733109 1109836965 -1 32 1133185610 1170635951 1130134745
    1111524744 -1 39 1133532783 1170525308 1116488725 1122172764 -1 15
    1118573282 1170479488 1123797623 1123833828 1 28 1127457012
    1170361102 1117936684 1126691937 1 16 1116188221 1170306307
    1118558748 1126142519 1 54 1125455953 1170159037 1115697527
    1125020094 1 23 1120563571 1170072932 1117360979 1126199049 -1 14
    1117999983 1170059216 1132804101 1124195155 1 22 1129273240
    1170024009 1116972350 1114354843 1 27 1130155451 1169993155
    1131766627 1109895671 -1 29 1129201701 1169963837 1128829561
    1115629840 1 48 1133339829 1169865430 1124136034 1116065618 1 15
    1132847210 1169762557 1128772478 1115058618 1 42 1133922307
    1169701806 1121561104 1125189345 1 16 1126219711 1169606625
    1123797626 1123837987 1 31 1127407327 1169552462 1134041118
    1123569185 1 14 1119747866 1169514021 1128795849 1115326548 1 45
    1133821954 1169467958 1133108711 1126956677 1 25 1135864865
    1169427430 1129971883 1125834249 -1 27 1129365447 1169380336
    1131135109 1113056195 1 30 1128445195 1169346168 1126942525
    1117248877 1 21 1115231523 1169283019 1128945077 1125843258 -1 17
    1128792192 1169240839 1118232197 1126214251 1 61 1125498005
    1169164115 1115307182 1120213081 1 28 1131173833 1169009629
    1131160466 1125749645 -1 22 1130136094 1168936817 1126450786
    1122328294 -1 23 1130573420 1168806620 1120432230 1115362840 1 21
    1135785401 1168736500 1119854039 1118715602 1 14 1127754760
    1168735965 1129130758 1127444285 1 63 1119726608 1168714886
    1116407119 1125763975 1 23 1130822810 1168525854 1116838577
    1125855333 1 14 1117292983 1168331245 1132867461 1105212722 1 44
    1132887917 1168183694 1123582937 1123771772 1 33 1127310274
    1168180961 1131515168 1122615067 1 15 1110401971 1168169853
    1126110130 1121724271 -1 38 1087848609 1168095421 1124361777
    1118686299 1 70 1128607417 1168089509 1129965841 1125607168 -1 21
    1129122867 1168013016 1119890907 1123681554 1 16 1127552358
    1167989084 1133020282 1128589623 1 38 1092557540 1167851028
    1130719120 1126420758 1 31 1111382483 1167804982 1105049165
    1124874896 1 15 1128234227 1167790196 1114940714 1125050032 1 22
    1120795732 1167761063 1133151740 1114136959 1 23 1135608744
    1167747917 1133083913 1126962160 1 28 1071598550 1167611816
    1126781541 1120209344 -1 65 1129394749 1167589940 1126388274
    1120537394 -1 66 1129459597 1167567649 1115796995 1120239341 1 32
    1129872538 1167524889 1108816086 1124667782 -1 15 1119681682
    1167506854 1117180076 1123828791 1 16 1117580637 1167482706
    1131148862 1116172619 -1 22 1119848664 1167452897 1130645081
    1107754623 -1 16 1117197618 1167426843 1126403750 1121192197 -1 69
    1129364015 1167360060 1124076904 1116372301 1 23 1132681622
    1167351014 1133980800 1124457272 1 16 1128174802 1167337517
    1126755541 1120375220 -1 71 1128585254 1167158169 1117700659
    1117472635 1 20 1132800659 1167123526 1133941571 1128806633 1 16
    1128280871 1167115929 1127146463 1108795594 1 54 1132726294
    1167080248 1130706028 1126352288 1 30 1111243416 1167061460
    1126829554 1126842346 -1 22 1135622674 1166981237 1130787103
    1107805483 -1 21 1121269203 1166978655 1125073655 1107396334 1 19
    1127534086 1166973913 1129960193 1125869418 -1 30 1130188734
    1166959994 1126563571 1120951707 -1 81 1128527344 1166951171
    1126161933 1121201628 -1 44 1099324076 1166885955 1128052615
    1126493598 -1 27 1131497145 1166838464 1132215841 1122908558 -1 41
    1129207765 1166810746 1124306453 1118889804 1 79 1128573480
    1166806592 1133046083 1118780603 1 40 1135858482 1166782868
    1114480006 1122843169 1 14 1132837276 1166744729 1118286018
    1112830793 1 65 1129533538 1166742117 1123616175 1125348869 1 32
    1126233838 1166684639 1114034358 1122215583 1 22 1132549780
    1166647135 1131239126 1125627860 -1 28 1129890004 1166598468
    1127363017 1109852252 1 37 1120133470 1166598404 1118140620
    1113122445 1 66 1129802618 1166550131 1124317535 1124738440 1 68
    1126879629 1166448209 1124543742 1116141858 1 14 1132949941
    1166396942 1132227723 1122898555 -1 42 1129208615 1166284083
    1132843640 1119678101 1 67 1135837835 1166263803 1125338019
    1104260757 1 43 1128061699 1166248733 1123926452 1117452031 1 20
    1128372737 1166236325 1132814147 1119587108 1 68 1048650114
    1166210682 1117642741 1125603326 1 23 1130697004 1166190648
    1129457009 1128721636 1 23 1119017922 1166177630 1116093582
    1125154687 1 13 1109122817 1165962541 1119973074 1125999201 1 30
    1112009996 1165855825 1120007823 1126097260 1 28 1113866434
