<?xml version="1.0"?>
<opencv_storage>
<!--  -->
<JHPJHP type_id="opencv-sequence">
  <flags>"untyped"</flags>
  <count>1242</count>
  <dt>"6i"</dt>
  <data>
    1121989187 1132849487 1 21 1133626512 1192558922 1133462840
    1136043989 1 16 1120364141 1185638998 1130012052 1134871439 -1 34
    1119832022 1185490591 1132252732 1122870376 -1 22 1134085593
    1185141548 1129967767 1134858215 -1 34 1134824203 1184671782
    1133717419 1135890041 -1 16 1118502387 1184572884 1124270724
    1127336139 -1 69 1118507317 1184222663 1128325694 1135509404 -1 15
    1135688507 1184125316 1124212009 1127387358 -1 75 1118251275
    1183064508 1123382323 1126608839 -1 22 1118382387 1182228050
    1121420631 1133157638 -1 23 1129957607 1180559107 1121205584
    1133166778 -1 27 1129492128 1180175443 1123821501 1126967608 -1 41
    1118223806 1180023639 1135088366 1126254206 -1 14 1131742956
    1179650824 1121153436 1133172962 -1 29 1129484914 1179299070
    1130431963 1128576465 -1 15 1133433141 1179153093 1134096985
    1135527932 1 47 1105736178 1179102665 1135527234 1127052418 -1 23
    1129278579 1179017736 1130419728 1127739340 1 21 1133287468
    1178315998 1134305792 1135457076 1 27 1106110879 1178310086
    1134106723 1135513091 1 47 1108968339 1178245208 1132415810
    1126823524 1 22 1121232322 1178142684 1128916645 1128603225 -1 19
    1120857450 1178077931 1133504944 1126423583 1 15 1134380757
    1178045116 1131208677 1120883786 -1 22 1134264797 1177956394
    1130375810 1128463500 -1 21 1133444340 1177848554 1128929582
    1126447832 1 22 1120526320 1177727905 1120248282 1129430412 1 31
    1099383700 1177675671 1131467185 1118046268 -1 21 1116995220
    1177511804 1132716961 1126762544 1 38 1119749998 1177481079
    1135155476 1126823737 1 21 1127422437 1177468927 1134288946
    1135462288 1 31 1107259772 1177457567 1126946588 1127645791 -1 55
    1119630206 1177403996 1120433783 1129655636 1 22 1099127877
    1177395970 1120286945 1129454916 1 28 1099578079 1177329024
    1129826798 1118664295 -1 18 1104838387 1177160792 1129051483
    1136157067 -1 16 1130029178 1177110362 1134227040 1135445311 1 35
    1107181909 1177075197 1120123614 1129176038 1 37 1099588525
    1176781845 1132906597 1126517744 1 63 1118734024 1176607996
    1137092113 1131746969 -1 22 1122923896 1176566505 1132553224
    1126798713 1 31 1120790742 1176543166 1137061445 1131108707 1 21
    1122738964 1176486195 1137355747 1132201019 1 21 1127086537
    1176432119 1134520991 1135153797 -1 19 1111061885 1176329792
    1128304897 1134690685 -1 19 1134883426 1176216472 1130192566
    1118452213 -1 37 1135034162 1176140175 1131973097 1126378549 -1 14
    1128875113 1176003608 1133313500 1127776277 1 22 1119366172
    1175930348 1119463367 1128647477 1 68 1102439821 1175859907
    1137051891 1131821984 -1 31 1126177603 1175803758 1119948972
    1128974467 1 46 1100723357 1175734562 1126462995 1125760993 1 66
    1119536828 1175662859 1119125483 1128483049 1 86 1105625074
    1175441523 1129093792 1126307622 1 31 1120449827 1175341836
    1138318198 1134236402 1 28 1126052088 1175304785 1136977016
    1126058519 -1 61 1102953539 1175289452 1128297615 1126750863 -1 32
    1119013181 1175249511 1133802886 1136253172 1 14 1120841802
    1175159531 1133613689 1124143533 -1 21 1119534251 1175142868
    1126214937 1133649921 -1 22 1132744916 1175115921 1132907491
    1126530151 1 59 1119067584 1175066018 1130812540 1124582121 -1 17
    1133689499 1175060748 1136981218 1126069425 -1 61 1102952893
    1175056994 1133390118 1135911016 1 26 1118352160 1175053418
    1134164938 1124894801 -1 17 1126578862 1175039022 1131221657
    1119429973 1 22 1134491809 1174860770 1124332748 1133975834 1 114
    1132389045 1174854222 1125618444 1132665376 -1 63 1132975429
    1174831327 1125650661 1132649003 -1 63 1133108260 1174701172
    1126891620 1127607292 -1 61 1119648816 1174615144 1133275955
    1120390435 -1 15 1123803547 1174588077 1136197420 1133525368 1 65
    1112377747 1174570875 1129162218 1126241342 1 33 1120252348
    1174501215 1130289684 1118331598 -1 41 1135249650 1174474111
    1138377568 1134297339 1 35 1126517706 1174465089 1126426661
    1125588738 1 69 1118969890 1174455716 1128288712 1126754053 -1 29
    1118737143 1174257117 1138337386 1134279466 1 31 1126322615
    1174240118 1132764857 1134052509 1 57 1133014250 1174211792
    1136150868 1131374754 -1 22 1119857116 1173918663 1132781208
    1134070270 1 61 1133229326 1173811866 1135921591 1133482187 1 88
    1112709636 1173757800 1118494872 1135262354 -1 17 1134073637
    1173623812 1133357473 1125380361 -1 16 1134597772 1173586049
    1136189860 1133514597 1 66 1111855230 1173278448 1121667564
    1133919782 1 27 1126944023 1173220179 1121856360 1133842669 1 22
    1127320863 1173194387 1130983963 1126438835 1 32 1118673947
    1173026879 1121651413 1133965167 1 31 1127403175 1172983404
    1123030992 1133392922 1 33 1128834813 1172980245 1117385030
    1134756407 1 21 1132424506 1172957225 1123508332 1134175015 -1 22
    1125655681 1172888421 1127424698 1132509098 1 16 1127736506
    1172862007 1124813101 1131718447 1 32 1126152207 1172856503
    1130607530 1135198955 1 22 1128908558 1172852747 1131704808
    1127163062 -1 38 1119228171 1172773114 1124883838 1131698589 1 28
    1126753156 1172663982 1134541392 1125392656 -1 16 1110283387
    1172658683 1121741399 1133786412 1 22 1127273504 1172601503
    1133136405 1129386779 -1 110 1116615357 1172577909 1130988493
    1126518185 1 31 1117999465 1172557595 1128943269 1127934718 1 23
    1133138344 1172510562 1133184080 1129508090 -1 124 1116812812
    1172505078 1134426893 1128893073 -1 31 1130961980 1172497964
    1123010767 1133394283 1 29 1128881930 1172355673 1134446321
    1128882220 -1 28 1131160951 1172306535 1128938677 1127878096 1 30
    1132701893 1172287686 1127024203 1132010857 -1 13 1128310755
    1172188696 1131655547 1131650908 1 26 1135610504 1172182916
    1127247959 1129388950 1 38 1129140944 1172085938 1128471567
    1132325149 -1 17 1132009556 1172036124 1132827316 1128803810 -1 65
    1118633838 1171971051 1136863001 1124081396 1 38 1134725654
    1171872346 1128067629 1129081707 -1 17 1053576910 1171859959
    1128912523 1127839834 1 27 1133006187 1171837412 1135900210
    1131585441 1 14 1135088927 1171834709 1133807380 1126244709 -1 17
    1133808889 1171788040 1133271307 1124389620 1 15 1114580593
    1171786673 1123038688 1133560989 1 57 1128081420 1171759740
    1133377028 1135896360 1 29 1112328353 1171716260 1137236997
    1130796852 1 46 1125123973 1171696254 1131683789 1127107704 -1 36
    1119784237 1171669104 1118499633 1129761838 -1 27 1116906297
    1171646358 1136856178 1118148307 -1 105 1135380946 1171633257
    1137089277 1130939888 1 31 1122786261 1171623460 1133726254
    1128760610 -1 164 1125099512 1171544932 1127946473 1129171062 -1 16
    1072868935 1171469142 1115918085 1134886148 1 16 1132764022
    1171429463 1136958246 1124077123 1 31 1134741379 1171045271
    1132982217 1127501894 -1 16 1118201783 1171023230 1118523486
    1129792941 -1 30 1116437918 1171015279 1134662031 1127258180 -1 43
    1128348090 1170979113 1131719721 1128927163 1 32 1090895922
    1170961381 1132806218 1128722063 -1 62 1118990669 1170959154
    1136074189 1131241925 -1 15 1119945301 1170939137 1136738860
    1132077494 -1 64 1125128145 1170929829 1134662979 1127264881 -1 43
    1128345937 1170927083 1137248509 1130772210 1 47 1125046668
    1170917139 1129251980 1131352516 -1 16 1107231229 1170865456
    1136625440 1124130539 1 57 1134702886 1170863100 1131636582
    1131644451 1 29 1135240904 1170807485 1136492959 1124134448 1 66
    1134725889 1170783905 1132520003 1129024244 -1 21 1079408661
    1170748602 1136553914 1124138508 1 61 1134736520 1170720716
    1115823435 1135130418 -1 20 1133367580 1170668880 1136793650
    1124086708 1 44 1134713487 1170545495 1130198960 1125845489 1 63
